1 320 331 2 6 22 0 
2 320 205 1 3 5 6 0 
3 320 81 2 4 9 0 
4 234 81 3 5 0 
5 234 205 4 2 10 0 
6 414 205 2 1 8 9 0 
7 511 81 8 9 0 
8 511 205 7 6 16 0 
9 414 81 3 6 7 0 
10 234 331 5 11 22 0 
11 131 331 10 23 0 
12 131 204 13 23 0 
13 131 107 12 14 0 
14 291 42 13 15 0 
15 549 42 14 16 0 
16 549 205 15 8 17 0 
17 549 305 16 18 20 0 
18 549 418 17 19 0 
19 476 418 18 20 21 0 
20 476 305 19 17 0 
21 272 418 19 22 27 0 
22 272 331 21 1 10 0 
23 131 255 11 12 24 0 
24 53 255 23 25 0 
25 53 374 24 26 30 0 
26 174 374 25 27 0 
27 174 418 26 21 28 0 
28 112 418 27 29 0 
29 112 470 28 30 0 
30 53 470 29 25 0 